Text,Actual,Predicted,Prob_0,Prob_1,Prob_2,Prob_3,Prob_4,Prob_5
feel lucky awesome life family belong middle class,5,5,18.037659538972957,9.209464718751873,6.166425412131292,2.9079468791736844,8.329310067812076,55.34919338315812
im feeling bit sentimental,0,0,46.229468008674694,14.516352839730942,4.415838738366622,4.465066496518336,21.577892747991708,8.795381168717704
feel like make suffering m seeing mean,0,5,28.466496544281387,13.366824952885256,10.990023342838795,3.3800640289551973,9.357810169961944,34.43878096107743
im feeling kind feeling confused like bleh,4,4,24.810785811191327,14.462941188246903,7.6938387648116935,3.594877681995137,33.09168392963019,16.345872624124734
set foot feel comparatively strong light free,5,5,29.811114194707343,12.86523723193981,8.267876490171144,3.7156313943603996,11.472212297139254,33.86792839168206
gay began feel disturbed embarrassed,0,0,49.71495035036066,12.555768408387587,6.7817005986255205,2.796176749149323,8.98272974323896,19.168674150237944
feel wronged,1,1,3.4336383484037185,87.74397924635025,1.8013581064674538,0.9745716964823457,2.2232674284260034,3.823185173870227
girlfriend sent letter shiny picture,5,5,27.631409029672206,13.172290303023917,8.421447402439682,3.762216255324704,11.726126379967404,35.286510629572085
feel selfish times wanting escape day day feel like thinking kids taking instead,1,5,23.42260990040113,28.33074805548015,8.823922205848854,2.9939706224862914,8.08067081899328,28.34807839679029
im life feel appalled,1,5,27.341170364110525,13.770530648502074,8.331747324589326,3.941689287042585,8.752350655223626,37.86251172053186
don t know feeling angry t tangible pragmatic help sisters,1,1,29.37493272825486,31.484152319493152,5.679303997722605,3.313470299360296,10.530976476179422,19.61716417898968
ive studying really hard discovering pretty words crossed mind portray exact meaning feel like ive missed lot,0,0,36.93777392199118,10.8292257766124,9.188291316603909,3.0785340283477445,9.057584179148291,30.908590777296475
im feeling sociable date monday wrote,5,5,17.90351596626643,10.276215912170908,5.812897521521304,2.9552826699755785,9.202038382439573,53.85004954762622
ive feeling emotional physical ailments subsiding,0,0,47.33547237310395,10.426663105829185,5.869892902191562,2.8841810442272124,11.604772827710024,21.87901774693807
longer feel like pathetic sad fat girl eat nachos day,0,0,32.026009665973945,14.21325500948076,9.111298933014906,3.053681925311505,9.842848616250157,31.752905849968734
feel read words realize time just good writer feeling shared sympathies,5,5,27.685106688039586,13.642224570862824,8.458646575202163,3.827446404291959,10.880631588031395,35.505944173572075
im super pumped crossed nano finish line novel far finished im feeling optimistic,5,5,19.63862500843789,10.283554347866705,6.178709689240856,3.066016325652613,9.774293588660802,51.058801040141134
worked really hard make blog place like feel welcomed hopefully inspired,5,5,17.901755349825983,8.376776035440532,7.097280094803532,2.8697200287156184,8.457774165576314,55.296694325638015
try explain feel order don t think ungrateful having blessed child,0,5,26.119282197920324,13.45456644617479,9.386409217174682,3.9243266394907215,11.845991059246638,35.26942443999285
necessarily believe power rape whistles got feel grossly unprotected campus,4,5,25.280057567751328,12.534299967414455,9.974042628324824,3.716133836631916,11.239103429410378,37.256362570467104
dark night felt people near did know,4,5,27.04440109625062,15.42124708046174,8.203470418190198,3.7167224903691656,11.255789599118536,34.358369315609735
just feel heartbroken loneliness,0,0,75.99870515044255,6.825150729906977,2.3337590587375816,1.9196153846028317,5.1872817337486605,7.735487942561396
didnt feel stress telstra worth thinking just resigned,0,5,24.154260598312344,12.178279413019572,6.727077585782622,3.5912011547569325,11.74801248792957,41.60116876019898
didn t feelings seriously feel love treats disregard faithful loyal,5,5,28.207219548121927,10.705491483549398,10.67130497063479,3.4926314055534613,11.092453895780665,35.83089869635977
mean im actually feeling productive area quilting sewing havent felt lik,5,5,16.240315101077538,8.29632670909613,6.99138247842665,3.2432949203186947,7.816977530330867,57.411703260750116
im feeling energetic tired im pounds,5,5,14.795971962792756,8.73959049994474,5.031288328688534,2.6089873795289824,7.937915306677643,60.88624652236736
feel overwhelmed mixture feelings listening songs,3,4,20.223798484302545,12.048633332166014,8.006999354570139,9.48973752623031,25.93705877011296,24.29377253261803
im sure ill feel bit nervous,4,0,40.88083681571698,11.268473758954826,3.5767092338906923,3.9053929146730995,14.214191210649721,26.154396066114682
feel quite proud wonderful feeling years feeling,5,5,24.347160772307898,13.718620514390656,8.32449001883325,4.24866619903604,8.769286019158242,40.5917764762739
times feel respected getting point make feel uncomfortable nice encourage things happening,5,5,19.551441496849915,8.370879085122889,5.518500202323024,3.135349084760238,20.778425310663817,42.64540482028012
im really feeling lonely,0,0,48.69526138769112,9.54314677334935,11.029092688363887,2.6434447251660003,6.422017617625792,21.667036807803868
hard core problems tell people feel sympathetic consequently feel obligated try help,2,5,23.66901653235458,12.833247962897282,17.38493143371937,4.401686738364767,10.883305063688601,30.827812268975396
admit ive feeling kinda homesick past couple days,0,0,51.19720654944662,8.534034885471149,5.947372107189297,3.98821399912947,10.753059542421495,19.580112916341978
feel like m faithful worthy loving able,2,5,24.786697077886032,13.78773515684385,11.87788461434539,2.8840548873189804,8.534215069605413,38.129413194000335
think continue seek s good feel offended look ways lower walk humility jesus walked,1,1,20.05438650551692,30.435714291700688,7.4898442754862415,3.8412722620435926,9.987626847687253,28.1911558175653
eyes questionable shes feeling gracious today,2,5,26.17243285520675,12.897788227498832,9.47275944747044,3.7884529988050772,12.618787232717537,35.04977923830136
feel joyful new beginning,5,5,13.658837141794164,7.6112447094527775,5.159038914893531,2.479238259903694,6.881848358287687,64.20979261566815
feeling energetic healthy overall swear weve sleeping better hard,5,5,20.039880214423718,9.78186319877388,6.569423379124646,3.0627530672804877,8.838628819215064,51.707451321182205
don t want feel way did passionate connection longer separate,5,5,24.50663059199007,16.886931980570683,12.523769024262684,3.495513952579537,10.590763686824694,31.996390763772318
feel like positive ball inspiration,5,5,27.557429363806296,14.793826548610097,10.484288042916926,2.82846885692263,7.791718063668644,36.544269124075406
currently t right feeling indecisive tied school writing assignments,4,5,23.04550552988564,11.48294014561204,8.45921700090302,3.6818331798886486,23.857802093239172,29.472702050471472
wont bore psychological signs workplace burnout say youre feeling depressed anxious helpless hopeless congratulations,0,0,48.44973077741435,11.399688949297632,7.1189533765808415,3.101090372951112,9.172692011974776,20.757844511781286
actually feel like im completely submissive,0,0,36.70918643073963,15.538794992076962,9.002205884681617,3.0510816152630063,10.42967171978406,25.269059357454722
hate im refered game guitar hero mean cool got kinda lol feel bitchy stay fuck outta way,1,5,24.986128373154667,20.598020023616844,8.213240032116751,3.7688604596853934,11.26254311445724,31.17120799696911
insane appreciation simplicity feel compassionate feel like sarcastic sense humor,2,5,23.51425717120693,16.283165117204888,16.046491432572964,3.2288449196497004,8.760917047851585,32.16632431151393
feel sense loss extremely talented passionate engineer wants work certain dsp design eventually takes job financial number crunching software company did right kind job,5,5,27.986925058056457,12.36402424714649,8.3538255635827,3.6362947200632427,11.032203604742891,36.626726806408236
id honest blog didnt report im feeling petty right,1,5,22.254196969105713,25.158183954996716,7.288530693943956,3.610914606616849,11.095976140799664,30.5921976345371
feel like shouldnt bother people petty stupid little pathetic thoughts feel like really care know really goes inside head,1,5,27.968942771012085,19.838187319341884,10.54234947917402,2.7821323670997704,8.659043082415629,30.209344980956615
barely feel like explaining weird history shadow dancer really console port arcade sequel shinobi console sequel shinobi thats totally different game revenge shinobi,3,5,27.793985235889078,13.533736547128273,9.017017090202433,3.362124348658302,10.248276269123961,36.04486050899794
feel somewhat frightened number policemen arrived told come inside search need,4,5,28.768180683361184,13.67923302043004,8.156175982958121,3.7957091919264245,12.230946276497368,33.36975484482686
im feeling computer theory computer healthy kids,5,5,25.734271676120144,13.430223122606321,7.449149686004065,3.6160248073719448,11.934409807804121,37.8359209000934
kind life upheaval additional work stress makes hard feel thrilled upcoming holidays,5,5,24.029168352673054,9.492157638011117,6.892302754195928,3.063838332168031,8.595884095095158,47.92664882785672
feel assured future online entertainment rests good hands,5,5,17.446613411905325,9.285932603186863,6.19302134210814,2.916875595058975,8.379248611338598,55.7783084364021
ive feeling reluctant intermittent lacklustre pen thoughts,4,0,32.82757343834633,10.999327406169064,6.395107250804211,3.177628049033972,24.435554309763383,22.16480954588304
actually happy hear id feeling unnaturally exhausted lately hopefully help,0,5,25.53464080235348,12.118051838043462,7.8957263524596515,3.606036770856391,12.352179689889844,38.49336454639718
feel pencil skirts elegant look best paired simply minimal colours complement chic structured design,5,5,27.631409029672206,13.172290303023917,8.421447402439682,3.762216255324704,11.726126379967404,35.286510629572085
hear cool times day makes feel cool,5,5,20.802147576003748,8.215083550185613,5.208623093985229,3.482912845074446,8.444035123323495,53.84719781142746
im feeling hopeful grateful,5,5,9.635735463362096,6.539119643322468,3.473453435081761,1.950467309962196,5.887970499459908,72.51325364881156
feel dont talk friend loyal free dont want stay like want bliss,2,0,35.51879060510712,12.664226976916531,7.044494039668657,3.551699373998268,12.618448934781076,28.60234006952835
ive definitely underwater feeling lately relieved lenten service church today designed clear head transitory concerns,5,5,25.90043071622557,12.425109733084057,8.724089589400004,3.6755759164798665,11.986541243853999,37.288252800956506
hate seeing red windows feel inside resonates cold uncaring world know exists making aware pain inside,1,0,35.06678361594636,11.951418460289496,7.969743720972253,3.4992570076001734,10.606096690929727,30.906700504262
know control feel need life continue work keeping faith trusting life unfolding,5,5,29.46693051156602,13.86431593012982,10.099494734471502,3.477867798413755,8.828409466759839,34.262981558659064
want feel respected things don t understand,5,5,14.60251193448977,7.312546011243428,6.954069382125695,2.2871929552301338,8.7797077095365,60.063972007374474
feel blessed given chance love,2,5,12.897370092777491,7.7127431573813565,28.920076388636705,2.8585677057022694,7.087543861634267,40.523698793867894
feel today indication week doubtful energy left low key new years eve party,4,5,24.341236096513477,16.170226779979537,8.144514100042521,3.6633587864581907,12.30226706432696,35.37839717267931
feel unfortunate couple days discovered seventy times seven existed hearing twosongs brought somewhat closure certain musical life,0,0,35.26447769490584,11.421373436532635,7.567321626534515,3.7055609358593014,10.745971381116954,31.295294925050747
definitely prove feel important,5,5,12.783988433535157,7.91777504544313,5.00439143958504,2.419972201340977,6.589905509888691,65.283967370207
know feelings stem accepted mainstream importantly communities seek belongingness,5,5,27.80433261085438,12.343058647790222,8.867007379897716,3.6731468281856827,11.702078746021249,35.61037578725075
feel control caring little ones finances future decisions family tensions tough friendships,2,5,23.82805308637691,13.060322998967337,9.861699981228735,3.717905343620949,12.524454104343436,37.00756448546263
im currently feeling way fucked mother tongue paper,1,5,22.964371760749135,20.482007905527517,8.686333749555324,4.699565237872396,9.565581157454531,33.6021401888411
watched thanksgiving morning feeling doubly blessed god given,2,5,26.53856568149034,12.638915163376879,10.40405351599856,3.9733597617135774,11.873373459715985,34.57173241770466
feel invigorated ready flight airport,5,5,11.15285076532477,6.394537500834985,4.4280743408423096,2.1496142617781184,5.798159992407278,70.07676313881254
feel threatened feel fear,4,4,10.936654843913747,7.105874519053764,5.147532616316494,3.1735270375375837,56.10567120322133,17.530739779957077
feel like rude ass hole hookah,1,5,26.03576660603983,19.96199061386005,10.161673590872017,2.9521763030995283,8.078737213895227,32.80965567223335
feel proud,5,5,4.2283932814050385,2.8219959743956644,2.0523568704808897,1.0666201007474083,2.6015682285924817,87.22906554437851
feel affects people story trying years way life long violent relationship,1,5,29.98013050146887,13.574148413554004,8.249477468963116,3.719361422536007,11.394109604468325,33.082772589009664
feel furious right life advocates tell live die lobbying supporting politicians sympathic views,1,5,25.003404430721616,18.88883904801561,8.230232760297463,3.762469887798694,11.284210539576467,32.830843333590146
think m feeling tender,2,5,26.913927907961433,13.953534983451796,13.567114639656488,3.4905305455882987,11.629609287783502,30.445282635558474
feel incredibly sarcastic right,1,5,30.99543430573043,12.22989657204632,7.32287106414276,3.2479089195331157,12.199935612047454,34.00395352649992
feel satisfied sad time,5,5,11.565203305527133,6.6411036813931625,4.565584169377355,2.2173682707033224,6.0165939692964185,68.99414660370262
feeling horses cooped determined got little stretch weather going horse got chance outside,5,5,27.48577927558083,12.802594274211842,8.228541519479391,3.697492784677255,11.408660422333137,36.37693172371753
feel like impatient mensa member times,1,5,26.802490863403527,16.87225983082351,10.176644171375754,2.9527721099596778,8.17785736418721,35.01797566025032
feel christmas special,5,5,27.631409029672206,13.172290303023917,8.421447402439682,3.762216255324704,11.726126379967404,35.286510629572085
feeling little sarcastic today,1,0,28.189918827643456,25.40465281125939,8.162298049425244,4.882180225209997,18.771081453325618,14.589868633136291
feel like confident people maybe confidence certain things confidence human,5,5,29.883812006448764,14.501327436792206,9.375899345230609,3.0949733812459383,9.219327082869771,33.9246607474127
tend avoid news feel like doesn t add value life makes fearful anxious slightly paranoid,4,5,26.7449591050316,13.258605553573034,9.05800919809205,3.157609867617264,9.084162115361751,38.6966541603243
ive worked feel privileged work amazing team,5,5,16.723979996320054,8.148247201074769,5.546312687814779,2.6574219297591446,7.390738631831262,59.53329955319998
loathe stuffed animals make feel bit violent known punch,1,0,37.34221503577253,11.077349373285472,6.661268365712882,3.6974560359700632,12.166380906054794,29.055330283204256
feel like fake fraud hypocrite,0,0,49.38262546355258,11.003210297545532,8.196879240554994,2.3234842929283914,5.966483751296587,23.127316954121902
feel forefront soon popular,5,5,27.631409029672206,13.172290303023917,8.421447402439682,3.762216255324704,11.726126379967404,35.286510629572085
know feel mil hated day,0,0,33.55258054509781,10.696103868861211,8.028231758447873,3.5779278668272054,12.188852668739756,31.956303292026146
feeling pretty terrified nervous energy,4,5,29.146567570082727,10.085593119097298,5.054185751012049,4.184961670690405,15.571179961786605,35.95751192733092
feeling super lazy,5,5,11.841487951768066,6.806334460950682,4.681894445376813,2.274018324466132,6.189663290905354,68.20660152653296
feel slightly worthless self condemning like doing amounting saving world day time preacher podium counselor teen single struggling mom s writer motivational speaker super mom baby boy,0,5,30.36439765283757,14.55910290442307,8.730918518386177,3.8144040876671768,11.062959923425037,31.46821691326097
sitting taking feeling blessed,2,5,22.888492776458246,10.884592004435516,8.325900929720294,3.8385556764684545,9.822323392190055,44.240135220727424
reach hand feel warmth sense strange mysterious connection greater sea lives intimately shared buoyed wave love hope joy surrender greater transcendent surge letting,4,5,28.812332244407067,12.867087916822998,8.907284728501905,3.766602805720464,12.426251231863002,33.22044107268457
break having dream leaves feeling groggy disoriented dont like,0,0,51.27414677952071,10.312725082970873,5.932931672271392,2.8019387911805382,8.172328510529095,21.505929163527394
feel little isolated house time,0,0,31.58246936417944,13.812727561955915,5.843656219492828,4.113017318549345,19.88083700392674,24.76729253189574
drop people using problem certainly assert children asking nik leave early easy day just im feeling weepy want hug,0,0,31.83784338346432,14.296787353334489,7.921499715843426,3.584118791475076,10.870179479143497,31.48957127673919
quickly learned just moving sauna ice cold bath steam room shower feel like tortured goldilocks wants middle ground hot cold,4,5,24.442817095241445,14.82061450934196,9.431608865983288,3.389735854182291,13.33129580722828,34.58392786802275
help feel little curious finally led plan rent evening,3,0,30.863619295581252,14.194306333552175,6.652009908627572,4.467615468430259,19.034143363633678,24.788305630175078
im feeling festive tonight,5,5,5.5826327821293775,4.109697640457729,2.261404076368017,1.3118649853124642,3.6801112280678088,83.0542892876646
im feeling somewhat sleep deprived dreading alarm going tomorrow morning,0,0,33.967155818372355,12.964354907001239,6.697233288021799,3.397392498081944,13.366326039744141,29.607537448778526
feel virtuous eating sort penance taste bad feel alive crunch,5,5,22.81546460123076,10.390835295817181,6.876549006340074,3.2144773001403837,9.38895066891931,47.31372312755229
thought contracted people passed d feel awful got sti test thought basically clear,0,0,40.26169129894525,11.223773875079182,7.3958815618693965,3.416847700027831,10.13200952911473,27.569796034963606
don t know feel confused,4,4,21.933107734805905,9.634447716249019,4.526874543052478,3.1956409377259214,44.43147387102655,16.278455197140126
feel ludicrous,0,5,24.63622628766669,13.357441391847214,8.940261345593838,10.678914311958238,11.982813122058191,30.40434354087582
im sure feel im shocked honestly,3,5,25.159197482644846,13.669674411503822,7.2084351032935725,4.809661299193499,6.459149063128201,42.693882640236055
feel need say hi cathy lovely meet,2,5,23.798065949341552,15.064904180500871,11.300766562864911,3.459716826876492,8.330362136792587,38.046184343623594
set home feeling quite smug,5,5,29.691731860632537,7.5594612601377715,6.073504117198527,3.488686332014348,10.730343980072975,42.456272449943846
sit feeling blank,0,0,43.76060620456926,11.664032562130341,6.7758892186747355,3.21753705681733,9.079120108245663,25.50281484956267
feel need say amazed quality presentation resources mack michaels puts forward,3,5,24.759262253608064,14.616532508738423,10.541411378634715,3.541860617407549,9.087526788746851,37.4534064528644
wanna scream feelings bleeds life prejudiced kills happiness worst feeling like life meaningless victim,0,5,28.249410933227747,12.179367381465207,8.86944453120229,3.5582662992119993,10.336557550284569,36.80695330460819
told feel satisfied good standing powers,5,5,15.727962828800832,8.158482924404316,5.584107069662025,2.6799847623035644,8.295895962248858,59.55356645258041
children feel overwhelmed moment s notice,3,4,16.80116369092483,10.447062580101587,7.088037358203499,10.34959198825104,29.19489344436707,26.11925093815198
feel like missed singular flight took z,0,0,57.04967561538762,9.338451377059819,6.949569229289895,2.1568578237471963,5.538805818536736,18.966640135978736
need feel ears agonized high treble guitar amp turned way,0,5,25.571560709686196,11.932751948609734,8.574489143887606,3.4601272480873093,10.321539880709414,40.13953106901973
day received te score acceptance chosen course,5,5,26.112857790169713,12.67635869737663,8.159045509106209,3.6707388158760907,11.30757982426174,38.073419363209624
feel like im talented really deliver line make listener hear,5,5,26.718702019796897,14.609686641888256,9.097580613348228,3.0993909142980973,9.441513042165685,37.03312676850283
sit just hours seeing fucking thing swimming post traumatic combat shock reminded clich s flaws feeling like supporting character movie define real lives world live,2,5,24.664826431277948,11.438340871745487,9.367433719760127,3.5366155586931085,9.808686317947135,41.184097100576196
wear shirt feel artistic artistic look artistic yes son,5,5,22.970582444298906,11.532213814071143,7.520947529394895,3.434051997335778,10.298802244397363,44.243401970501914
started feel discouraged,0,0,61.480658360385966,8.32718066294818,4.773739531830514,2.704286574078503,11.097393299155378,11.616741571601466
capacity great care compassion ability bite metaphorically speaking feel threatened,4,4,22.846287933711455,11.28674840079486,7.648145253836828,3.6217850772054923,28.71076156835064,25.88627176610071
feel compassion understand feel insecure,4,4,17.14965092171704,12.710048344642615,5.728544294753912,3.276441347159007,45.729045118155085,15.406269973572337
feeling naughty intentions,2,5,22.53454416346291,12.056375572078732,24.25049235615171,3.839322944112874,10.886621191626425,26.432643772567342
came close just packing heading home wondered home feel awful,0,0,42.039110878834904,11.258014819906842,6.825702296799485,3.270664071085521,10.960572233481626,25.645935699891627
going sort handheld cam feel lol just delighted,5,5,26.662720295269892,12.86470209851629,8.2628876164049,3.699419546954425,11.446502020228461,37.06376842262604
hadnt told coming soon feeling symptoms crampy tender tired,2,5,26.19328408728738,12.661115217151927,8.1447874757875,3.6678825112411433,11.299936719494962,38.032993989037074
sit author letter feel little surprised entire year passed,3,0,29.96749524201534,13.845830636096665,6.753572083423533,5.202680330893582,17.124773947032068,27.105647760538815
lose friends apparently dont like tell people feel funny works,3,5,25.3387242539739,13.017721925923862,7.025448938439545,12.426737109028688,10.986307761387055,31.205060011246953
don t know m feeling pretty punished right,0,0,48.06255001031038,11.933400356217339,3.1673267036334734,3.4239708881153206,8.833437205114842,24.579314836608653
feel vulnerable,4,4,2.9978835621900664,2.1693580085277513,1.6642691481385024,0.9060226073651722,88.58492029841149,3.6775463753669904
seen fall asleep climbing bed horizontal awake neck cramped feeling hostile cheated,1,5,26.676888012711814,18.65598704498257,7.880501868786817,3.6922559669869375,12.117835809448007,30.976531297083866
want write left campus feeling truly thankful wesleyan putting kind event dreamed d able attend just fairly short car ride,5,5,25.92474433617893,14.22093363707589,7.975672747469302,3.659704270371927,11.533716485271539,36.68522852363242
feeling reluctant players finding library sage identify stuff,4,5,24.598237358828836,12.483711492955246,8.231615864777181,3.793672326833062,20.649732079059202,30.243030877546477
feel humorous,5,5,27.631409029672206,13.172290303023917,8.421447402439682,3.762216255324704,11.726126379967404,35.286510629572085
sure feel unhappy,0,0,75.22352393658883,5.11977555011229,3.319522578351096,2.8986613318161827,4.064161152605896,9.374355450525707
woke feeling hopeful,5,5,10.75502274257063,4.804790152371536,2.886514571099846,2.016360531620138,7.690958133138595,71.84635386919925
suppose thats feel melancholy thing,0,0,43.16485018538929,10.278794532251762,6.919634178573514,3.296090860187939,11.971484787070397,24.36914545652711
feel doubtful person sincerity rebuilding relationship,4,5,23.171229436316132,12.122168092626332,7.916249267003176,3.741228467334021,24.625819404866476,28.423305331853864
feel repressed compared dear href http eurodancemix,0,0,38.52096964390283,10.467489728591401,7.927696502835937,3.682764694222336,7.909868195184713,31.491211235262785
feel charming people feel terrible,5,0,59.59687605262014,7.965522879584512,3.5316435475351358,2.22299612586591,6.054372023463597,20.62858937093072
definitely know feels think beloved doesnt deserve,2,5,28.930154543307633,12.393379303299001,9.63866669329481,3.5530402520666913,10.894941070109681,34.58981813792219
feel strong let negative thoughts feeling effect,5,5,18.415310316851542,9.139105652949208,5.789284959689281,2.7813091479318297,7.696042645932012,56.17894727664612
reading old messages knight feeling sentimental texted,0,0,44.48641007444639,10.556698891920842,7.7489579386033025,3.3005602363412954,9.46243087223267,24.444941986455497
feeling sorts anxious sure,4,5,27.631409029672206,13.172290303023917,8.421447402439682,3.762216255324704,11.726126379967404,35.286510629572085
feel like day blur running irritated son doing pertaining making dinn,1,5,29.827402976747774,13.482226328674576,8.983483051100107,3.280182189160678,9.20753191288596,35.219173541430905
created paint owl e course intention sharing simple shape templates use start owls easily create feel afraid start blank canvas,4,5,25.26867986712543,11.877088446892696,7.902227608752301,3.7027438601442064,22.003426598683685,29.245833618401683
feel little stressed lost just waiting idea come,0,0,43.654037224583,12.840754156615267,5.429321167424695,3.5113538042521637,14.079582390162196,20.48495125696267
wished feel energetic deal pain best option,5,5,18.024827120042545,9.47724122052932,6.30165472392739,2.965711488051465,8.549796308602563,54.68076913884672
feel better dont little bit,5,5,11.618560720779216,8.766710408695351,6.098203622605887,3.2323127060094805,7.660701045682602,62.62351149622746
id recommend using washing shower gel oil does leave residue does feel lovely particularly practical brownish tint,2,5,26.22579344392406,13.615143038148977,14.097007077508522,3.99813512209506,11.078739197668446,30.985182120654937
youre feeling cold broom scrubbing brush vinegar old newspapers house going,1,5,24.79675467684908,22.44871639314473,8.814185447679845,3.7392877800117157,10.861641428696068,29.339414273618576
feel skeptical looks eye rolls say need bigger house dinks double income kids prettymuch awesome acronym,4,5,24.98097552575219,12.58168079759017,8.302870804135507,3.7924561675114745,18.61522859685884,31.726788108151826
feel like learning judge people important thing away reading,5,5,30.93546887291028,13.00261544919069,9.101040738755684,2.9638149409785273,8.262946096025212,35.73411390213961
knew feeling bad,0,0,36.61707165179596,10.773706945145497,9.221352096883422,3.4397619016537018,9.835268765700686,30.112838638820726
miss nice does suck feel rushed,1,1,21.64927849667112,30.141917109583478,7.687124243810276,3.6196901930969005,10.395297711627963,26.50669224521026
suppose moments feeling vulnerable laughed lot felt alive,4,5,24.182775411890383,12.605330548174537,8.832992159747754,3.70270704302282,24.805584357984863,25.87061047917964
feeling fairly uncertain things right moment,4,5,30.337065011737778,9.699815327633491,6.672649146525175,3.2522638989196175,12.730638383800146,37.30756823138378
feel worth mentioning makin rain acceptable strip club local cineplex,5,5,27.901649395550276,12.825725569883797,8.249087544744766,3.7040004780378983,11.424310524350634,35.89522648743263
want help feeling greedy,1,1,15.562438909382301,37.96736719513951,5.696063653924892,4.094836119987185,13.115110869745672,23.564183251820438
literally fell knees episode feels pathetic,0,5,27.631409029672206,13.172290303023917,8.421447402439682,3.762216255324704,11.726126379967404,35.286510629572085
say im feeling optimistic,5,5,7.99170037941587,6.64976094075206,3.2311551315784963,2.3736275206140123,5.478728923335688,74.27502710430389
feel attempting smother like hot blanket pressed,2,5,26.457420608859337,12.873868738496727,11.788770568910317,3.8769008101564784,11.871877626771354,33.131161646805786
love inverted suspension makes feel graceful elegant sexy,5,5,24.037137435190996,10.141209968487317,6.331690012126309,3.9458592318064603,10.242548643954434,45.30155470843448
simply imagine feeling cleaning caring baby,2,5,28.148297324902682,14.853395487695058,8.329595482500178,3.7606263860785236,11.523700328126022,33.384384990697534
feel tortured person world think im somebody wish somebody wishing just waste time dream somebody just tortured,4,0,27.470972658548813,18.454957017611626,7.358723751737338,4.289047683209147,15.229106777910859,27.1971921109822
im feeling cool showing skin feel like woman,5,5,22.533757345217165,12.563115513210146,10.404201198083781,2.662932315002792,7.424991731455073,44.41100189703103
feel shitty emotional helpless,0,0,52.04072766029644,9.34242500240962,6.290551111475068,2.9726869311878086,8.408336225767583,20.945273068863486
ive just feeling submissive recently,0,0,51.00267806680574,12.377676237417381,7.293015699872564,2.8892093101425194,9.626906724018298,16.8105139617435
going assume moral obligation way make sure feel pretty damn rich day,5,5,20.767443558907363,7.726514658352965,4.714516966346301,2.950148025274382,7.3084081522236,56.53296863889538
feel fearful concerned worried,4,4,19.553414989440572,10.781649121188666,7.2905631510460465,3.492340075222843,35.18901122597997,23.693021437121896
headaches easily agitated feel frightened aggressive,4,4,23.515247228147498,10.893233998462838,7.411770127640714,3.5498499975286575,30.69626404276033,23.933634605459957
spent saturday night sunday feeling pretty lousy,0,0,36.55551641331504,9.524369657815125,5.812809841103768,3.792474142263691,9.543187319873429,34.77164262562895
feel numb moment,0,0,54.473341986648464,8.926020523344961,6.0578830049452455,2.8748897248113225,8.054684444194098,19.613180316055924
believe feeling afraid disdain hatred instead just actual nothingness laced small dash repulsion,4,5,27.009660349131025,12.048809821133363,8.01826778262553,3.7170405308982737,17.96226188276131,31.243959633450498
feel little better sunday maybe continue good feeling little hot bod rocked,5,0,31.95545916656582,11.659889629243505,7.6655470702017325,4.344665106319602,24.525559879615834,19.84887914805349
existance smile pick pen page things say thoughts obtain moments refrain far away cause youre going insane suddenly im left afraid im feeling way instead im amazed gotta way,3,5,28.866245901349984,15.891524817006111,8.421715129158333,4.544315922572827,12.731156927423182,29.545041302489565
wake feeling anxious knowing,4,4,16.578400336100945,7.705780307818919,5.05758836782926,3.305929773058649,51.98652706594989,15.36577414924234
strong feelings inadequacy convinced wrong right,5,5,26.66781566051019,14.230598228893571,8.206199116997546,3.74536027998863,13.086083480301625,34.06394323330844
hear word feel stronger assured,5,5,27.631409029672206,13.172290303023917,8.421447402439682,3.762216255324704,11.726126379967404,35.286510629572085
did feel clever taunted friend knowledge,5,5,18.00958681071011,8.718901088239367,5.590476791854771,3.05994746587778,7.954255028705787,56.666832814612164
feel nostalgic feel need look old blog posts say knowing record hold memories,2,5,23.141798074576442,12.090954442878878,21.51635596859636,3.485574418151069,8.315162323160598,31.45015477263665
im blocked doing constructive room needs major cleaning instance feel agitated im doing research story does require lot research,1,5,23.463039962186528,21.50055615047178,8.185828703281262,3.654261320085992,15.28764342868603,27.908670435288414
feel lucky point feeling guilty having got away damage disability,5,5,26.70302212619592,9.408811626544788,6.076650788655159,3.1684033564069742,8.037100532358986,46.606011569838174
im feeling punished having loved previous books,0,0,42.70099013493373,10.911512318024505,6.240842706237075,3.19949795442069,9.958980356536973,26.988176529847024
im feeling generous tonight,2,5,7.618532006847545,5.62327010219695,13.74937625226808,2.032050050460748,5.224808403551353,65.75196318467532
gathering feel brave pressing home books,5,5,20.30881555346747,9.769624891071548,6.533168582662458,3.0564405303163853,8.73373659096235,51.598213851519795
im feeling funny totally unnecessary,3,5,23.266375130837076,13.835728597644525,7.591580538630573,8.155869491291353,12.461367595165799,34.68907864643068
feel blessed yoked man willing work hard provide,2,5,16.095339266526977,9.072754978241163,19.29973281547203,3.139643294459508,8.268232873702182,44.12429677159814
left feeling little disheartened,0,0,64.67016990507818,5.738185456357252,4.101613501009284,2.995610295835902,16.317884585492926,6.176536256226455
help feeling considerate care owner,5,5,25.32234951636839,15.610750068275529,7.3819575420286405,4.520670403128664,15.872111178151652,31.292161292047123
feel annoyed img class aligncenter size wp image src http mrdanbaird,1,5,26.00123061187759,23.037195105770586,7.49769996293433,3.6581976833789547,10.079937277435222,29.72573935860331
began feel shaken badly repaired,4,4,22.55921014818917,14.630733967523915,8.013992669497624,3.3186822759049646,28.812274030436896,22.66510690844744
feel fantastic renewed sense strength endurance,5,5,16.95152103269179,9.15263867458071,6.097641244861656,2.871355712318393,8.184775664301466,56.74206767124599
wear makeup reflect beautiful truly feel inside break stereotype nerdy timid loop woman sciences,4,5,29.780252619713828,15.228513641306298,7.707771033869593,3.4907951723124997,11.29936719129997,32.493300341497815
feel disgusted having continuing wants life,1,1,19.460738207830907,36.55926354733434,7.242282519125781,3.437695743152119,9.644393374054253,23.655626608502594
know ll commit incest feels charming,5,5,28.596437786252654,12.921149367181092,8.344323704854867,3.749200985380943,12.398872603726888,33.990015552603566
buying stuff feel clothes casual,5,5,26.175802109568693,14.431772153683397,8.268306520985865,3.7312203420094456,11.438483384959126,35.954415488793465
ive cleaning apartment trying life order vacation holiday mayhem instead feeling grumpy like usually feeling overwhelmingly blessed,1,5,27.68128520696417,20.859461384328544,7.901138517249459,3.6728970155944305,10.67556977554432,29.209648100319068
personally feel massively talented actor chris evans captain america,5,5,28.1379280692177,14.468357289073545,10.381724894537664,4.064436116056195,12.303262441884959,30.644291189229943
feel little needy,0,0,39.96307109234895,12.232729465215538,4.084956356532356,3.87516044832895,23.485624316579727,16.358458320994497
feeling overwhelmed list,3,3,12.742243153543034,8.393439165778222,6.3790519127488245,34.53367658673272,23.489182295277253,14.462406885919945
feeling generous mood runner prize copy href http www,2,5,17.25350378406766,6.8193636339734205,15.304977819340596,3.011937035456333,5.209305666238731,52.400912060923254
feel surprised makes,3,5,24.09661402399371,12.759714228856641,8.888686379391292,13.98740514461981,11.816850133758907,28.450730089379643
feel make caring,2,5,26.969356503031992,12.25027399974926,9.409604517261275,3.661257534651271,10.971004008497976,36.73850343680824
feel bit naughty mondays,2,0,39.368053602519296,12.8039510935373,10.085070701848755,5.050780887089128,14.810455879706453,17.881687835299072
im feeling longing urge create,2,5,20.28512982210904,12.589441553602091,22.03261222434062,3.6976599180792933,11.247171598287853,30.147984883581096
feel contented ive,5,5,9.955151568561309,5.758968298674756,4.0145298246059244,1.9905536933808932,5.2926378022865395,72.98815881249058
feel write owls fearless brave,5,5,30.56194853182952,12.529188676964601,8.16957406516347,3.7301022342787933,13.80981439346775,31.199372098295864
feel angry feel sad,1,1,27.647849331361375,52.70159344131391,3.5749721715942298,2.295934255461087,5.314214333479391,8.465436466790015
feel excited im doing feel like ton catching,5,5,19.05429761212056,9.74346883897424,7.573025889846933,2.1996525018455126,6.236861369130599,55.19269378808216
feel ashamed afraid let people come messy house afraid ll pulled car towed unpaid ticket afraid blood work come diagnosis imminent death,0,0,44.05372463060541,10.297075230518871,6.889981865730779,3.2500763610936705,10.510579009867284,24.998562902183995
feel like brain going expload going messy painful,0,5,29.285581931704364,14.13527187362995,9.773732281843186,3.0416891627190017,8.606916959631384,35.15680779047211
feel bit overwhelmed,4,0,34.4962105009193,9.614159080424084,4.872475848411505,21.11415900536369,19.1917408597838,10.711254705097634
feeling awfully indecisive morning started think wanted heart pumpin,4,5,25.46322804181283,12.50448799517734,8.113692268493832,3.936775593774248,11.16613763721628,38.81567846352546
feel angry simple msg blur really blur,1,1,19.257565329598943,37.33582307559661,7.149399094410243,3.627180904758861,9.565730025419846,23.0643015702155
met friends watch hockey game headed local pub called pig duke ate parmesan truffle wings sure feel prawn lollipops delicious terrible,5,5,29.25412328840847,13.009682018377196,8.172831288093409,4.203442752939372,11.201296925987345,34.15862372619422
feel simply wonderful,5,5,26.945837198109185,15.106690202985332,8.399093401835247,3.7832981427323618,11.660110797673694,34.104970256664195
feeling extremely annoyed restless,1,5,22.761204747984234,24.61493169842324,9.061145564696398,3.4480848771545816,13.20166788741521,26.912965224326342
know happened feel real feel dangerous don t plan going time soon,1,5,23.186140753633342,20.376548501494266,7.415657624654353,3.499268430778799,9.922059638622844,35.60032505081639
know just ended big giveaway muse im feeling quite generous,2,5,22.746913690417056,12.481592189302399,6.569575117594349,3.55713043262798,13.459346663697058,41.185441906361156
feel isolated trade,0,0,71.10835409302817,5.766910077691924,4.105388370342594,2.0159634394015407,5.28722843756337,11.716155581972378
feel bothered rape stick ass think statement like says lot speaker target,1,5,23.180426858467612,23.37135548722221,7.906250675522779,3.687047716458526,10.802198312490741,31.052720949838143
im hoping theyll like new draft better time wont end feeling devastated did time turned draft devastated href http neuroticworkaholic,0,0,40.333334717424485,11.034558713130298,7.78540210043195,3.4969171628190283,9.36863842208522,27.981148884108997
feel lost fuck doing,0,0,46.3035962122286,9.926396172453156,6.6507276452361745,3.1309523220868525,8.903318199364776,25.08500944863046
feel hated feel like dont belong feel want die,1,0,41.19261103194867,20.79503791291116,9.159782867323049,2.359206879169449,6.040926090412388,20.452435218235273
feel lucky participants love,5,5,13.820562492195462,7.259921883265974,4.971529919581664,2.409050458956613,6.615912585568472,64.92302266043181
feeling overwhelmed time poor,3,3,16.8669957104011,10.328507955948117,7.549304608955709,23.274490131867516,22.320409854544096,19.660291738283465
feel hopeless strange really want actually disappear,0,0,48.50893764251711,10.673624131858144,7.1274580830550605,3.240062738127042,8.72188878124665,21.728028623196018
feel like listening mellow music,5,5,26.952959646427722,16.480690956071616,10.483193841551687,2.826317309686498,7.697712025566695,35.55912622069578
didn t minute feel intimidated stupid,4,4,17.303859342359022,9.700387965216587,6.6996685515078935,3.2468263521391774,42.472929122128505,20.576328666648816
feeling shitty today,0,0,55.81223924387214,8.305876128349224,5.697521021086025,2.7554428503986705,7.582338212903428,19.84658254339052
